0.999997	1.0000000000000004e-06	1.0000000000000004e-06	1.0000000000000004e-06
1.0000000000000004e-06	0.999997	1.0000000000000004e-06	1.0000000000000004e-06
1.0000000000000004e-06	1.0000000000000004e-06	0.999997	1.0000000000000004e-06
1.0000000000000004e-06	1.0000000000000004e-06	1.0000000000000004e-06	0.999997
0.9447
0.6056